SIZES
  narena                14680064
  nbuffer               93920
  nplugin               0
  maxuse_stack          10696
  maxuse_arena          45116
  maxuse_con            15
  maxuse_efc            45
  solver_nisland        1
  ne                    0
  nf                    0
  nl                    0
  nefc                  36
  nnzJ                  648
  ncon                  12
  nisland               0
  threadpool            0

TIMER
    0:  duration =  0.043      number = 1
    1:  duration =  0.043      number = 1
    2:  duration =  0          number = 0
    3:  duration =  0.026      number = 1
    4:  duration =  0.00099    number = 1
    5:  duration =  0.00029    number = 1
    6:  duration =  0.014      number = 1
    7:  duration =  0.00014    number = 1
    8:  duration =  0.0027     number = 1
    9:  duration =  0.00093    number = 1
    10:  duration =  0.02       number = 1
    11:  duration =  0.0023     number = 1
    12:  duration =  2.4e-05    number = 1
    13:  duration =  0.0019     number = 1
    14:  duration =  0.017      number = 1

SOLVER STAT
  solver_nisland = 1
  solver_fwdinv =   0         0       
  ISLAND 0
    solver_niter = 2
    solver_nnz = 324
      0:  improvement =  4.3e-05     gradient =  2.8e-05     lineslope =  9.9e-20 
          nactive = 36   nchange = 0   neval = 3   nupdate = 6
      1:  improvement =  4e-13       gradient =  6.6e-09     lineslope =  3.8e-17 
          nactive = 36   nchange = 0   neval = 3   nupdate = 6

ENERGY =   0         0       

TIME =  3.3e+02 

QPOS
  -0.0006  
  -3.7e-07 
   0.12    
   1       
   1.3e-07 
   1.9e-07 
   0.00078 
   0.082   
  -1.7     
   1.9     
  -0.091   
   1.7     
  -1.9     
  -0.091   
   1.7     
  -1.9     
   0.091   
  -1.7     
   1.9     

QVEL
  -2.2e-08 
   1.2e-05 
  -9.7e-07 
  -0.0001  
   1.1e-06 
   8.9e-08 
   2.2e-05 
  -0.00021 
  -1.9e-06 
  -2.1e-06 
   0.00019 
  -4.4e-05 
   6e-07   
  -0.00018 
   1.3e-05 
  -6.1e-07 
   0.00018 
  -2.1e-05 

QACC_WARMSTART
   6.6e-05 
   0.0085  
  -0.00068 
  -0.071   
   0.00072 
   4.9e-06 
   0.015   
  -0.15    
  -0.0008  
  -0.0012  
   0.14    
  -0.017   
   0.0011  
  -0.13    
   0.016   
  -0.00081 
   0.12    
  -0.016   

CTRL
   0       
   0       
   0       
   0       
   0       
   0       
   0       
   0       
   0       
   0       
   0       
   0       

QFRC_APPLIED
   0       
   0       
   0       
   0       
   0       
   0       
   0       
   0       
   0       
   0       
   0       
   0       
   0       
   0       
   0       
   0       
   0       
   0       

XFRC_APPLIED
   0         0         0         0         0         0       
   0         0         0         0         0         0       
   0         0         0         0         0         0       
   0         0         0         0         0         0       
   0         0         0         0         0         0       
   0         0         0         0         0         0       
   0         0         0         0         0         0       
   0         0         0         0         0         0       
   0         0         0         0         0         0       
   0         0         0         0         0         0       
   0         0         0         0         0         0       
   0         0         0         0         0         0       
   0         0         0         0         0         0       
   0         0         0         0         0         0       

QACC
   6.6e-05 
   0.0085  
  -0.00068 
  -0.071   
   0.00072 
   4.9e-06 
   0.015   
  -0.15    
  -0.0008  
  -0.0012  
   0.14    
  -0.017   
   0.0011  
  -0.13    
   0.016   
  -0.00081 
   0.12    
  -0.016   

SENSOR
   0.082   
  -1.7     
  -0.091   
   1.7     
  -0.091   
   1.7     
   0.091   
  -1.7     
   1.9     
  -1.9     
  -1.9     
   1.9     
  -8.7e-06 
   8.4e-05 
   3.7e-07 
  -7.7e-05 
  -1.6e-06 
   7.1e-05 
   1e-06   
  -6.9e-05 
  -3.3e-07 
  -8.9e-06 
  -1.9e-05 
   1.2e-05 
   0       
   0       
   0       
   0       
   0       
   0       
   0       
   0       
   0       
   0       
   0       
   0       
   0.076   
  -0.0028  
  -0.61    
   0.47    
  -0.033   
  -1.3     
   0.14    
  -0.032   
  -0.91    
   0.053   
  -0.0029  
  -0.68    
   1       
   2.4e-07 
   1.9e-07 
   0.00078 
   3.9e-05 
  -3.7e-07 
   7.9e-08 
   7.6e-05 
   0.0086  
   9.8     
  -0.0006  
  -4e-07   
   0.12    
  -1.5e-07 
  -4.6e-06 
   3.8e-07 

XPOS
   0         0         0       
  -0.0006   -4e-07     0.12    
   0.21      0.18      0.12    
   0.12      0.17      0.012   
   0.23      0.18      0.09    
  -0.21      0.18      0.12    
  -0.12      0.17      0.012   
  -0.24      0.18      0.09    
  -0.21     -0.18      0.12    
  -0.12     -0.17      0.012   
  -0.23     -0.18      0.09    
   0.21     -0.18      0.12    
   0.12     -0.17      0.012   
   0.23     -0.18      0.09    

XQUAT
   1         0         0         0       
   1         2.4e-07   1.9e-07   0.00078 
   1        -3.2e-05   0.041     0.00078 
   0.69      0.00056  -0.73      0.00054 
   0.99     -0.00011   0.14      0.00077 
   1         3.6e-05  -0.045     0.00078 
   0.69     -0.00056   0.72      0.00054 
   0.99      0.00012  -0.15      0.00077 
   1         3.6e-05  -0.045     0.00078 
   0.69     -0.00056   0.72      0.00054 
   0.99      0.00011  -0.15      0.00077 
   1        -3.5e-05   0.045     0.00078 
   0.69      0.00056  -0.72      0.00054 
   0.99     -0.00011   0.14      0.00077 

XMAT
   1         0         0         0         1         0         0         0         1       
   1        -0.0016    3.9e-07   0.0016    1        -4.8e-07  -3.9e-07   4.8e-07   1       
   1        -0.0016    0.082     0.0016    1         0.00013  -0.082     4.8e-07   1       
  -0.052    -0.0016   -1        -8.1e-05   1        -0.0016    1         4.8e-07  -0.052   
   0.96     -0.0016    0.28      0.0015    1         0.00043  -0.28      4.8e-07   0.96    
   1        -0.0016   -0.091     0.0015    1        -0.00014   0.091     4.8e-07   1       
  -0.045    -0.0016    1        -7e-05     1         0.0016   -1         4.8e-07  -0.045   
   0.95     -0.0016   -0.3       0.0015    1        -0.00046   0.3       4.8e-07   0.95    
   1        -0.0016   -0.091     0.0015    1        -0.00014   0.091     4.8e-07   1       
  -0.045    -0.0016    1        -7e-05     1         0.0016   -1         4.8e-07  -0.045   
   0.96     -0.0016   -0.29      0.0015    1        -0.00045   0.29      4.8e-07   0.96    
   1        -0.0016    0.091     0.0015    1         0.00014  -0.091     4.8e-07   1       
  -0.045    -0.0016   -1        -7.1e-05   1        -0.0016    1         4.8e-07  -0.045   
   0.96     -0.0016    0.28      0.0015    1         0.00044  -0.28      4.8e-07   0.96    

XIPOS
   0         0         0       
  -0.00061  -1.2e-07   0.12    
   0.17      0.17      0.092   
   0.18      0.19      0.056   
   0.23      0.22      0.09    
  -0.17      0.17      0.092   
  -0.19      0.19      0.057   
  -0.24      0.22      0.09    
  -0.17     -0.17      0.092   
  -0.19     -0.19      0.057   
  -0.23     -0.22      0.09    
   0.17     -0.17      0.092   
   0.18     -0.19      0.057   
   0.23     -0.22      0.09    

XIMAT
   1         0         0         0         1         0         0         0         1       
   1        -0.0016    3.9e-07   0.0016    1        -4.8e-07  -3.9e-07   4.8e-07   1       
   0.021    -0.67      0.75      1         0.019    -0.011    -0.007     0.75      0.67    
  -0.013     0.56     -0.83      1         0.00086  -0.015    -0.0076   -0.83     -0.56    
  -0.0016   -0.96      0.28      1        -0.0015    0.00043   4.8e-07   0.28      0.96    
  -0.024    -0.66     -0.75      1        -0.021    -0.013    -0.0072   -0.75      0.66    
   0.0097    0.55      0.83      1         0.00087  -0.012    -0.0075    0.83     -0.55    
  -0.0016   -0.95     -0.3       1        -0.0015   -0.00046   4.8e-07  -0.3       0.95    
   0.021    -0.66     -0.75      1         0.019     0.011     0.0072   -0.75      0.66    
  -0.013     0.55      0.83      1         0.00085   0.015     0.0075    0.83     -0.55    
  -0.0016   -0.96     -0.29      1        -0.0015   -0.00045   4.8e-07  -0.29      0.96    
  -0.024    -0.66      0.75      1        -0.021     0.013     0.0072    0.75      0.66    
   0.0097    0.55     -0.83      1         0.00087   0.012     0.0075   -0.83     -0.55    
  -0.0016   -0.96      0.28      1        -0.0015    0.00044   4.8e-07   0.28      0.96    

XANCHOR
  -0.0006   -4e-07     0.12    
   0.21      0.18      0.12    
   0.12      0.17      0.012   
   0.23      0.18      0.09    
  -0.21      0.18      0.12    
  -0.12      0.17      0.012   
  -0.24      0.18      0.09    
  -0.21     -0.18      0.12    
  -0.12     -0.17      0.012   
  -0.23     -0.18      0.09    
   0.21     -0.18      0.12    
   0.12     -0.17      0.012   
   0.23     -0.18      0.09    

XAXIS
   0         0         1       
  -0.0016    1         4.8e-07 
  -0.0016    1         4.8e-07 
  -0.0016    1         4.8e-07 
  -0.0016    1         4.8e-07 
  -0.0016    1         4.8e-07 
  -0.0016    1         4.8e-07 
  -0.0016    1         4.8e-07 
  -0.0016    1         4.8e-07 
  -0.0016    1         4.8e-07 
  -0.0016    1         4.8e-07 
  -0.0016    1         4.8e-07 
  -0.0016    1         4.8e-07 

GEOM_XPOS
   0         0         0       
   1.5       0         0.1     
   1.5       0         0.25    
   2         2         0.5     
   1.2       4         0.075   
   1.4       4         0.22    
   1.6       4         0.38    
   1.8       4         0.53    
   2         4         0.68    
   2.2       4         0.83    
   2.4       4         0.98    
   2.6       4         1.1     
   2.8       4         1.3     
   3         4         1.4     
   1.2       6         0.075   
   1.4       6         0.22    
   1.6       6         0.38    
   1.8       6         0.53    
   2         6         0.68    
   2.2       6         0.83    
   2.4       6         0.98    
   2.6       6         1.1     
   2.8       6         1.3     
   3         6         1.4     
  -2.3       5.2      -0.25    
  -2.3       5.4      -0.25    
  -2.3       5.6      -0.25    
  -2.3       5.8      -0.25    
  -2.3       6        -0.25    
  -2.3       6.2      -0.25    
  -2.3       6.4      -0.25    
  -2.3       6.6      -0.25    
  -2.1       5.2      -0.25    
  -2.1       5.4      -0.25    
  -2.1       5.6      -0.25    
  -2.1       5.7      -0.25    
  -2.1       5.9      -0.25    
  -2.1       6.1      -0.25    
  -2.1       6.3      -0.25    
  -2.1       6.5      -0.25    
  -1.9       5.2      -0.25    
  -1.9       5.5      -0.25    
  -1.9       5.7      -0.25    
  -1.9       6        -0.25    
  -1.9       6.2      -0.25    
  -1.9       6.4      -0.25    
  -1.9       6.6      -0.25    
  -1.9       6.9      -0.25    
  -1.7       5.2      -0.25    
  -1.7       5.4      -0.25    
  -1.7       5.6      -0.25    
  -1.7       5.7      -0.25    
  -1.7       5.9      -0.25    
  -1.7       6.2      -0.25    
  -1.7       6.4      -0.25    
  -1.7       6.6      -0.25    
  -1.5       5.2      -0.25    
  -1.5       5.5      -0.25    
  -1.5       5.7      -0.25    
  -1.5       5.8      -0.25    
  -1.5       6        -0.25    
  -1.5       6.2      -0.25    
  -1.5       6.4      -0.25    
  -1.5       6.7      -0.25    
  -1.3       5.2      -0.25    
  -1.3       5.4      -0.25    
  -1.3       5.6      -0.25    
  -1.3       5.8      -0.25    
  -1.3       6.1      -0.25    
  -1.3       6.3      -0.25    
  -1.3       6.5      -0.25    
  -1.3       6.7      -0.25    
  -1.1       5.2      -0.25    
  -1.1       5.4      -0.25    
  -1.1       5.6      -0.25    
  -1.1       5.8      -0.25    
  -1.1       6        -0.25    
  -1.1       6.2      -0.25    
  -1.1       6.4      -0.25    
  -1.1       6.6      -0.25    
  -0.92      5.2      -0.25    
  -0.92      5.5      -0.25    
  -0.92      5.7      -0.25    
  -0.92      5.8      -0.25    
  -0.92      6        -0.25    
  -0.92      6.2      -0.25    
  -0.92      6.4      -0.25    
  -0.92      6.6      -0.25    
  -0.69      5.2      -0.25    
  -0.69      5.5      -0.25    
  -0.69      5.7      -0.25    
  -0.69      5.9      -0.25    
  -0.69      6        -0.25    
  -0.69      6.3      -0.25    
  -0.69      6.5      -0.25    
  -0.69      6.7      -0.25    
  -0.5       5.2      -0.25    
  -0.5       5.4      -0.25    
  -0.5       5.6      -0.25    
  -0.5       5.8      -0.25    
  -0.5       6        -0.25    
  -0.5       6.2      -0.25    
  -0.5       6.4      -0.25    
  -0.5       6.6      -0.25    
  -1.5       4         0       
  -1.5       2         0       
  -0.00061  -1.5e-07   0.12    
  -0.0006   -4e-07     0.12    
   0.25      0.00039   0.26    
  -0.0006   -4.1e-07   0.15    
   0.16      0.17      0.078   
   0.19      0.19      0.059   
   0.23      0.22      0.09    
  -0.16      0.17      0.079   
  -0.19      0.19      0.059   
  -0.24      0.22      0.09    
  -0.16     -0.17      0.079   
  -0.19     -0.19      0.059   
  -0.23     -0.22      0.09    
   0.16     -0.17      0.079   
   0.19     -0.19      0.059   
   0.23     -0.22      0.09    

GEOM_XMAT
   1         0         0         0         1         0         0         0         1       
   1         0         0         0         1         0         0         0         1       
   1         0         0         0         1         0         0         0         1       
   0.88     -0        -0.48      0         1        -0         0.48      0         0.88    
   1         0         0         0         1         0         0         0         1       
   1         0         0         0         1         0         0         0         1       
   1         0         0         0         1         0         0         0         1       
   1         0         0         0         1         0         0         0         1       
   1         0         0         0         1         0         0         0         1       
   1         0         0         0         1         0         0         0         1       
   1         0         0         0         1         0         0         0         1       
   1         0         0         0         1         0         0         0         1       
   1         0         0         0         1         0         0         0         1       
   1         0         0         0         1         0         0         0         1       
   1         0         0         0         1         0         0         0         1       
   1         0         0         0         1         0         0         0         1       
   1         0         0         0         1         0         0         0         1       
   1         0         0         0         1         0         0         0         1       
   1         0         0         0         1         0         0         0         1       
   1         0         0         0         1         0         0         0         1       
   1         0         0         0         1         0         0         0         1       
   1         0         0         0         1         0         0         0         1       
   1         0         0         0         1         0         0         0         1       
   1         0         0         0         1         0         0         0         1       
   0.99      0.086     0.1      -0.1       0.98      0.17     -0.083    -0.18      0.98    
   0.98     -0.18      0.017     0.18      0.98     -0.085    -0.00099   0.086     1       
   0.98     -0.19      0.0032    0.19      0.97     -0.14      0.024     0.14      0.99    
   1         0.098     0.0066   -0.095     0.98     -0.19     -0.025     0.19      0.98    
   0.99     -0.13     -0.078     0.13      0.99      0.077     0.067    -0.087     0.99    
   0.99      0.13      0.045    -0.13      0.98      0.17     -0.022    -0.18      0.98    
   0.99     -0.13     -0.085     0.13      0.99     -0.092     0.096     0.08      0.99    
   0.99      0.02     -0.11     -0.031     1        -0.088     0.11      0.09      0.99    
   0.97     -0.15      0.2       0.16      0.99     -0.047    -0.19      0.078     0.98    
   0.99     -0.08      0.12      0.077     1         0.031    -0.13     -0.021     0.99    
   1        -0.0078    0.049     0.015     0.99     -0.16     -0.047     0.16      0.99    
   0.99     -0.065     0.13      0.075     0.99     -0.077    -0.12      0.086     0.99    
   0.98     -0.14     -0.12      0.13      0.98     -0.14      0.14      0.12      0.98    
   0.99      0.0035    0.15      0.008     1        -0.078    -0.15      0.078     0.99    
   0.99     -0.091    -0.11      0.11      0.98      0.18      0.094    -0.19      0.98    
   1        -0.04     -0.025     0.036     0.99     -0.12      0.029     0.12      0.99    
   0.97      0.18      0.15     -0.15      0.97     -0.22     -0.19      0.19      0.96    
   0.98     -0.16     -0.054     0.16      0.99     -0.056     0.063     0.046     1       
   0.97      0.17     -0.15     -0.14      0.97      0.19      0.17     -0.16      0.97    
   0.99     -0.046    -0.15      0.029     0.99     -0.11      0.16      0.11      0.98    
   0.99     -0.029    -0.11      0.031     1         0.021     0.11     -0.025     0.99    
   0.99     -0.0079   -0.16      0.0092    1         0.0072    0.16     -0.0086    0.99    
   0.98      0.2      -0.022    -0.2       0.98      0.079     0.037    -0.074     1       
   0.97     -0.18      0.15      0.17      0.98      0.11     -0.17     -0.078     0.98    
   1         0.0024   -0.041    -0.0022    1         0.0066    0.041    -0.0065    1       
   0.99      0.12     -0.037    -0.12      0.98     -0.15      0.019     0.15      0.99    
   0.98      0.12     -0.17     -0.13      0.99     -0.09      0.15      0.11      0.98    
   0.99     -0.091     0.12      0.11      0.98     -0.15     -0.11      0.16      0.98    
   0.99      0.11     -0.066    -0.11      0.99     -0.039     0.062     0.046     1       
   0.99      0.071    -0.14     -0.085     0.99     -0.097     0.14      0.11      0.98    
   0.98      0.053    -0.19     -0.081     0.99     -0.14      0.18      0.16      0.97    
   0.98      0.18     -0.1      -0.16      0.96      0.21      0.14     -0.19      0.97    
   1         0.01      0.091    -0.016     1         0.058    -0.091    -0.06      0.99    
   0.98      0.038    -0.18     -0.013     0.99      0.14      0.18     -0.14      0.97    
   0.98     -0.13      0.14      0.14      0.99     -0.093    -0.13      0.11      0.99    
   1        -0.0033    0.064     0.009     1        -0.089    -0.064     0.09      0.99    
   1        -0.055    -0.062     0.052     1        -0.051     0.065     0.047     1       
   0.97     -0.14      0.21      0.17      0.97     -0.15     -0.18      0.18      0.97    
   1        -0.079    -0.045     0.07      0.98     -0.16      0.057     0.16      0.99    
   0.99      0.031    -0.097    -0.041     0.99     -0.1       0.093     0.11      0.99    
   1         0.0076   -0.012    -0.0086    1        -0.088     0.011     0.088     1       
   0.99      0.13     -0.00098  -0.13      0.99      0.072     0.01     -0.071     1       
   0.99      0.036     0.13     -0.013     0.98     -0.18     -0.13      0.18      0.97    
   0.97      0.17     -0.19     -0.16      0.99      0.068     0.2      -0.037     0.98    
   1        -0.017     0.078     0.0026    0.98      0.18     -0.08     -0.18      0.98    
   0.99     -0.012     0.099     0.011     1         0.013    -0.099    -0.011     0.99    
   1         0.073    -0.04     -0.075     1        -0.034     0.038     0.037     1       
   0.99      0.0081    0.11      0.00026   1        -0.073    -0.11      0.073     0.99    
   0.99      0.088    -0.047    -0.083     0.99      0.097     0.055    -0.092     0.99    
   0.99      0.065    -0.099    -0.082     0.98     -0.18      0.085     0.18      0.98    
   0.99     -0.12     -0.11      0.12      0.99     -0.018     0.11      0.005     0.99    
   0.98     -0.13      0.17      0.15      0.98     -0.12     -0.15      0.14      0.98    
   1        -0.014    -0.069     0.019     1         0.073     0.068    -0.074     0.99    
   0.98     -0.14     -0.13      0.13      0.99     -0.044     0.13      0.026     0.99    
   1         0.025     0.072    -0.012     0.98     -0.18     -0.076     0.18      0.98    
   0.99      0.16      0.028    -0.16      0.98     -0.13     -0.048     0.12      0.99    
   1         0.079     0.027    -0.073     0.98     -0.17     -0.041     0.17      0.98    
   0.97      0.18     -0.15     -0.17      0.98      0.059     0.15     -0.033     0.99    
   0.99      0.083    -0.065    -0.092     0.98     -0.16      0.051     0.16      0.99    
   0.98      0.068    -0.19     -0.082     0.99     -0.066     0.18      0.08      0.98    
   0.98     -0.18      0.018     0.18      0.97      0.14     -0.043    -0.13      0.99    
   0.99     -0.12     -0.0021    0.12      0.99      0.033    -0.0019   -0.033     1       
   0.98      0.13      0.12     -0.11      0.98     -0.18     -0.14      0.16      0.98    
   1        -0.01     -0.017     0.01      1        -0.00066   0.017     0.00048   1       
   0.98      0.09      0.17     -0.093     1         0.011    -0.17     -0.027     0.98    
   0.98      0.096    -0.2      -0.09      1         0.042     0.2      -0.023     0.98    
   0.98      0.18      0.1      -0.19      0.98      0.084    -0.086    -0.1       0.99    
   0.97      0.19     -0.14     -0.18      0.98      0.055     0.15     -0.028     0.99    
   0.98     -0.18      0.047     0.19      0.98     -0.11     -0.025     0.12      0.99    
   0.99     -0.012     0.11      2.9e-05   0.99      0.11     -0.11     -0.11      0.99    
   0.99      0.077     0.077    -0.074     1        -0.041    -0.079     0.035     1       
   0.99      0.065     0.12     -0.065     1        -0.0035   -0.12     -0.0042    0.99    
   0.98     -0.013     0.19     -0.017     0.99      0.15     -0.19     -0.15      0.97    
   0.98     -0.14      0.13      0.14      0.99     -0.033    -0.13      0.051     0.99    
   0.99      0.11      0.022    -0.11      0.99      0.014    -0.021    -0.016     1       
   0.99     -0.022    -0.14      0.009     1        -0.093     0.14      0.091     0.99    
   0.97      0.15      0.17     -0.13      0.99     -0.096    -0.18      0.071     0.98    
   1         0.023     0.074    -0.018     1        -0.065    -0.075     0.063     1       
   0.98     -0.016    -0.2       0.036     0.99      0.097     0.19     -0.1       0.98    
   0.99     -0.13     -0.083     0.14      0.99      0.096     0.07     -0.11      0.99    
   1         0         0         0         1         0         0         0         1       
   0.0008    1         0        -1         0.0008   -0        -0         0         1       
   4.9e-06   0.0016    1        -4.7e-07  -1         0.0016    1        -4.8e-07  -4.9e-06 
   1        -0.0016    3.9e-07   0.0016    1        -4.8e-07  -3.9e-07   4.8e-07   1       
   1        -0.0016    3.9e-07   0.0016    1        -4.8e-07  -3.9e-07   4.8e-07   1       
   3.9e-07  -1         0.0016   -4.8e-07  -0.0016   -1         1         3.9e-07  -4.8e-07 
   0.026    -0.73      0.68      1         0.025    -0.012    -0.0076    0.68      0.73    
  -0.012     0.56     -0.83      1         0.00087  -0.014    -0.0073   -0.83     -0.56    
  -0.0016   -0.23      0.97      1        -0.00036   0.0015    4.8e-07   0.97      0.23    
  -0.029    -0.73     -0.69      1        -0.027    -0.015    -0.0078   -0.69      0.73    
   0.0093    0.55      0.83      1         0.00086  -0.012    -0.0072    0.83     -0.55    
  -0.0016    0.21      0.98      1         0.00032   0.0015    4.8e-07   0.98     -0.21    
   0.026    -0.73     -0.69      1         0.025     0.012     0.0078   -0.69      0.73    
  -0.012     0.55      0.83      1         0.00086   0.014     0.0072    0.83     -0.55    
  -0.0016    0.22      0.98      1         0.00034   0.0015    4.8e-07   0.98     -0.22    
  -0.029    -0.73      0.69      1        -0.027     0.015     0.0078    0.69      0.73    
   0.0093    0.55     -0.83      1         0.00086   0.012     0.0072   -0.83     -0.55    
  -0.0016   -0.23      0.97      1        -0.00035   0.0015    4.8e-07   0.97      0.23    

SITE_XPOS
  -0.0006   -4e-07     0.12    
   0.23      0.18      0.09    
  -0.24      0.18      0.09    
  -0.23     -0.18      0.09    
   0.23     -0.18      0.09    

SITE_XMAT
   1        -0.0016    3.9e-07   0.0016    1        -4.8e-07  -3.9e-07   4.8e-07   1       
   0.96     -0.0016    0.28      0.0015    1         0.00043  -0.28      4.8e-07   0.96    
   0.95     -0.0016   -0.3       0.0015    1        -0.00046   0.3       4.8e-07   0.95    
   0.96     -0.0016   -0.29      0.0015    1        -0.00045   0.29      4.8e-07   0.96    
   0.96     -0.0016    0.28      0.0015    1         0.00044  -0.28      4.8e-07   0.96    

LIGHT_XPOS
   0         0         1.5     

LIGHT_XDIR
   0         0        -1       

SUBTREE_COM
  -0.00057  -1.6e-07   0.11    
  -0.00057  -1.6e-07   0.11    
   0.23      0.22      0.089   
   0.23      0.22      0.089   
   0.23      0.22      0.09    
  -0.23      0.22      0.089   
  -0.23      0.22      0.089   
  -0.24      0.22      0.09    
  -0.23     -0.22      0.089   
  -0.23     -0.22      0.089   
  -0.23     -0.22      0.09    
   0.23     -0.22      0.089   
   0.23     -0.22      0.089   
   0.23     -0.22      0.09    

CDOF
   0         0         0         1         0         0       
   0         0         0         0         1         0       
   0         0         0         0         0         1       
   1         0.0016   -3.9e-07  -1.8e-05   0.012     1.8e-07 
  -0.0016    1         4.8e-07  -0.012    -1.8e-05  -3.3e-05 
   3.9e-07  -4.8e-07   1        -2.3e-07   3.3e-05   1.6e-11 
  -0.0016    1         4.8e-07  -0.011    -1.7e-05   0.21    
  -0.0016    1         4.8e-07   0.096     0.00015   0.12    
  -0.0016    1         4.8e-07   0.018     2.8e-05   0.23    
  -0.0016    1         4.8e-07  -0.011    -1.7e-05  -0.21    
  -0.0016    1         4.8e-07   0.096     0.00015  -0.12    
  -0.0016    1         4.8e-07   0.018     2.9e-05  -0.23    
  -0.0016    1         4.8e-07  -0.011    -1.7e-05  -0.21    
  -0.0016    1         4.8e-07   0.096     0.00015  -0.12    
  -0.0016    1         4.8e-07   0.018     2.9e-05  -0.23    
  -0.0016    1         4.8e-07  -0.011    -1.7e-05   0.21    
  -0.0016    1         4.8e-07   0.096     0.00015   0.12    
  -0.0016    1         4.8e-07   0.018     2.8e-05   0.23    

CINERT
   0         0         0         0         0         0         0         0         0         0       
   0.14      0.97      0.92     -0.0013    1.1e-05   1.1e-08  -0.00094   1.2e-06   0.3       26      
   0.008     0.0079    0.015    -0.0074    0.00041   0.00073   0.042     0.044    -0.0041    0.25    
   0.0039    0.004     0.0073   -0.0036    0.00088   0.00099   0.019     0.019    -0.0053    0.1     
   0.18      0.21      0.37     -0.18      0.015     0.014     0.82      0.78     -0.064     3.5     
   0.008     0.0079    0.015     0.0074   -0.0004    0.00071  -0.042     0.044    -0.0041    0.25    
   0.0039    0.004     0.0072    0.0035   -0.00087   0.00098  -0.019     0.019    -0.0052    0.1     
   0.18      0.21      0.37      0.18     -0.015     0.014    -0.82      0.78     -0.064     3.5     
   0.008     0.0078    0.015    -0.0074   -0.0004   -0.00071  -0.042    -0.044    -0.0041    0.25    
   0.0039    0.004     0.0072   -0.0035   -0.00087  -0.00098  -0.019    -0.019    -0.0052    0.1     
   0.18      0.21      0.37     -0.18     -0.015    -0.014    -0.82     -0.78     -0.064     3.5     
   0.008     0.0079    0.015     0.0074    0.0004   -0.00071   0.042    -0.044    -0.0041    0.25    
   0.0039    0.004     0.0072    0.0035    0.00087  -0.00098   0.019    -0.019    -0.0052    0.1     
   0.18      0.21      0.37      0.18      0.015    -0.014     0.82     -0.78     -0.064     3.5     

ACTUATOR_LENGTH
   0.082   
  -1.7     
  -0.091   
   1.7     
  -0.091   
   1.7     
   0.091   
  -1.7     
   1.9     
  -1.9     
  -1.9     
   1.9     

ACTUATOR_MOMENT
   0         0         0         0         0         0         1         0         0         0         0         0         0         0         0         0         0         0       
   0         0         0         0         0         0         0         1         0         0         0         0         0         0         0         0         0         0       
   0         0         0         0         0         0         0         0         0         1         0         0         0         0         0         0         0         0       
   0         0         0         0         0         0         0         0         0         0         1         0         0         0         0         0         0         0       
   0         0         0         0         0         0         0         0         0         0         0         0         1         0         0         0         0         0       
   0         0         0         0         0         0         0         0         0         0         0         0         0         1         0         0         0         0       
   0         0         0         0         0         0         0         0         0         0         0         0         0         0         0         1         0         0       
   0         0         0         0         0         0         0         0         0         0         0         0         0         0         0         0         1         0       
   0         0         0         0         0         0         0         0         1         0         0         0         0         0         0         0         0         0       
   0         0         0         0         0         0         0         0         0         0         0         1         0         0         0         0         0         0       
   0         0         0         0         0         0         0         0         0         0         0         0         0         0         1         0         0         0       
   0         0         0         0         0         0         0         0         0         0         0         0         0         0         0         0         0         1       

CRB
   0         0         0         0         0         0         0         0         0         0       
   0.91      1.8       2.5      -0.0018    2.3e-05   3.3e-05   0         0        -4.2e-16   42      
   0.19      0.22      0.4      -0.19      0.016     0.016     0.88      0.84     -0.074     3.9     
   0.19      0.21      0.38     -0.19      0.016     0.015     0.84      0.8      -0.07      3.6     
   0.18      0.21      0.37     -0.18      0.015     0.014     0.82      0.78     -0.064     3.5     
   0.19      0.22      0.4       0.19     -0.016     0.016    -0.89      0.84     -0.074     3.9     
   0.18      0.21      0.38      0.19     -0.016     0.015    -0.84      0.8      -0.07      3.6     
   0.18      0.21      0.37      0.18     -0.015     0.014    -0.82      0.78     -0.064     3.5     
   0.19      0.22      0.4      -0.19     -0.016    -0.016    -0.88     -0.84     -0.074     3.9     
   0.19      0.21      0.38     -0.19     -0.016    -0.015    -0.84     -0.8      -0.07      3.6     
   0.18      0.21      0.37     -0.18     -0.015    -0.014    -0.82     -0.78     -0.064     3.5     
   0.19      0.22      0.4       0.19      0.016    -0.016     0.89     -0.84     -0.074     3.9     
   0.18      0.21      0.38      0.19      0.016    -0.015     0.84     -0.8      -0.07      3.6     
   0.18      0.21      0.37      0.18      0.015    -0.014     0.82     -0.78     -0.064     3.5     

QM
   42        0         0        -0.00077  -0.49     -9.6e-06  -0.12      0.28      1.4e-17  -0.12      0.28      0        -0.12      0.28      0        -0.12      0.28     -1.4e-17 
   0         42        0         0.49     -0.00077   0.0014   -0.00018   0.00043  -1.4e-20  -0.00018   0.00043   1.4e-20  -0.00018   0.00043   0        -0.00018   0.00043  -2.7e-20 
   0         0         42        7.7e-06  -0.0014    6.5e-10  -0.08     -0.41      0         0.079     0.42     -1.1e-16   0.079     0.42      1.1e-16  -0.079    -0.42      0       
  -0.00077   0.49      7.7e-06   0.91     -0.00032   3.8e-05  -0.018    -0.092    -3.5e-17   0.018     0.092    -3.6e-17  -0.018    -0.092    -7.8e-18   0.018     0.092    -3.6e-17 
  -0.49     -0.00077  -0.0014   -0.00032   1.9       3.3e-05   0.038     0.1       0.014     0.038     0.1       0.014     0.038     0.1       0.014     0.038     0.1       0.014   
  -9.6e-06   0.0014    6.5e-10   3.8e-05   3.3e-05   2.5       0.025    -0.062    -2.1e-18   0.025    -0.061    -1.4e-18  -0.025     0.061    -2e-18    -0.025     0.061    -5.4e-18 
  -0.12     -0.00018  -0.08     -0.018     0.038     0.025     0.021     0.017     0.014     0         0         0         0         0         0         0         0         0       
   0.28      0.00043  -0.41     -0.092     0.1      -0.062     0.017     0.084     0.014     0         0         0         0         0         0         0         0         0       
   1.4e-17  -1.4e-20   0        -3.5e-17   0.014    -2.1e-18   0.014     0.014     0.014     0         0         0         0         0         0         0         0         0       
  -0.12     -0.00018   0.079     0.018     0.038     0.025     0         0         0         0.021     0.016     0.014     0         0         0         0         0         0       
   0.28      0.00043   0.42      0.092     0.1      -0.061     0         0         0         0.016     0.084     0.014     0         0         0         0         0         0       
   0         1.4e-20  -1.1e-16  -3.6e-17   0.014    -1.4e-18   0         0         0         0.014     0.014     0.014     0         0         0         0         0         0       
  -0.12     -0.00018   0.079    -0.018     0.038    -0.025     0         0         0         0         0         0         0.021     0.016     0.014     0         0         0       
   0.28      0.00043   0.42     -0.092     0.1       0.061     0         0         0         0         0         0         0.016     0.084     0.014     0         0         0       
   0         0         1.1e-16  -7.8e-18   0.014    -2e-18     0         0         0         0         0         0         0.014     0.014     0.014     0         0         0       
  -0.12     -0.00018  -0.079     0.018     0.038    -0.025     0         0         0         0         0         0         0         0         0         0.021     0.016     0.014   
   0.28      0.00043  -0.42      0.092     0.1       0.061     0         0         0         0         0         0         0         0         0         0.016     0.084     0.014   
  -1.4e-17  -2.7e-20   0        -3.6e-17   0.014    -5.4e-18   0         0         0         0         0         0         0         0         0         0.014     0.014     0.014   

QLD
   28       -0.00043  -0.00022  -0.0068   -0.42      0.0016   -17        4         9.9e-16  -17        4         0        -17        4         0        -17        4        -9.9e-16 
  -0.00043   41       -3.5e-05   1.6      -0.00066   0.00073  -0.027     0.0062   -9.7e-19  -0.027     0.0062    9.7e-19  -0.027     0.0062    0        -0.027     0.0062   -1.9e-18 
  -0.00022  -3.5e-05   29        0.0021   -0.00071   0.0007   -8.8      -6         0         8.7       6        -7.9e-15   8.7       6         7.9e-15  -8.7      -6         0       
  -0.0068    1.6       0.0021    0.31     -0.00015   0.00015  -2        -1.3      -2.5e-15   2         1.3      -2.5e-15  -2        -1.3      -5.6e-16   2         1.3      -2.5e-15 
  -0.42     -0.00066  -0.00071  -0.00015   1.1      -0.00017   2.9       1.3       1         2.8       1.3       1         2.8       1.3       1         2.8       1.3       1       
   0.0016    0.00073   0.0007    0.00015  -0.00017   1.9       3.7      -0.88     -1.5e-16   3.8      -0.87     -9.8e-17  -3.8       0.87     -1.4e-16  -3.8       0.87     -3.9e-16 
  -17       -0.027    -8.8      -2         2.9       3.7       0.0074    0.036     1         0         0         0         0         0         0         0         0         0       
   4         0.0062   -6        -1.3       1.3      -0.88      0.036     0.07      1         0         0         0         0         0         0         0         0         0       
   9.9e-16  -9.7e-19   0        -2.5e-15   1        -1.5e-16   1         1         0.014     0         0         0         0         0         0         0         0         0       
  -17       -0.027     8.7       2         2.8       3.8       0         0         0         0.0073    0.036     1         0         0         0         0         0         0       
   4         0.0062    6         1.3       1.3      -0.87      0         0         0         0.036     0.07      1         0         0         0         0         0         0       
   0         9.7e-19  -7.9e-15  -2.5e-15   1        -9.8e-17   0         0         0         1         1         0.014     0         0         0         0         0         0       
  -17       -0.027     8.7      -2         2.8      -3.8       0         0         0         0         0         0         0.0073    0.036     1         0         0         0       
   4         0.0062    6        -1.3       1.3       0.87      0         0         0         0         0         0         0.036     0.07      1         0         0         0       
   0         0         7.9e-15  -5.6e-16   1        -1.4e-16   0         0         0         0         0         0         1         1         0.014     0         0         0       
  -17       -0.027    -8.7       2         2.8      -3.8       0         0         0         0         0         0         0         0         0         0.0073    0.036     1       
   4         0.0062   -6         1.3       1.3       0.87      0         0         0         0         0         0         0         0         0         0.036     0.07      1       
  -9.9e-16  -1.9e-18   0        -2.5e-15   1        -3.9e-16   0         0         0         0         0         0         0         0         0         1         1         0.014   

QLDIAGINV
   0.035   
   0.025   
   0.034   
   3.2     
   0.9     
   0.53    
   1.4e+02 
   14      
   72      
   1.4e+02 
   14      
   72      
   1.4e+02 
   14      
   72      
   1.4e+02 
   14      
   72      

QLDIAGSQRTINV
   0.19    
   0.16    
   0.18    
   1.8     
   0.95    
   0.73    
   12      
   3.8     
   8.5     
   12      
   3.8     
   8.5     
   12      
   3.8     
   8.5     
   12      
   3.8     
   8.5     

B_rownnz              18 18 9 9 9 9 9 9 9 9 9 9 9 9

B_rowadr              0 18 36 45 54 63 72 81 90 99 108 117 126 135

B_colind              0 1 2 3 4 5 6 7 8 9 10 11 12 13 14 15 16 17 0 1 2 3 4 5 6 7 8 9 10 11 12 13 14 15 16 17 0 1 2 3 4 5 6 7 8 0 1 2 3 4 5 6 7 8 0 1 2 3 4 5 6 7 8 0 1 2 3 4 5 9 10 11 0 1 2 3 4 5 9 10 11 0 1 2 3 4 5 9 10 11 0 1 2 3 4 5 12 13 14 0 1 2 3 4 5 12 13 14 0 1 2 3 4 5 12 13 14 0 1 2 3 4 5 15 16 17 0 1 2 3 4 5 15 16 17 0 1 2 3 4 5 15 16 17

C_rownnz              18 18 18 18 18 18 9 9 9 9 9 9 9 9 9 9 9 9

C_rowadr              0 18 36 54 72 90 108 117 126 135 144 153 162 171 180 189 198 207

C_colind              0 1 2 3 4 5 6 7 8 9 10 11 12 13 14 15 16 17 0 1 2 3 4 5 6 7 8 9 10 11 12 13 14 15 16 17 0 1 2 3 4 5 6 7 8 9 10 11 12 13 14 15 16 17 0 1 2 3 4 5 6 7 8 9 10 11 12 13 14 15 16 17 0 1 2 3 4 5 6 7 8 9 10 11 12 13 14 15 16 17 0 1 2 3 4 5 6 7 8 9 10 11 12 13 14 15 16 17 0 1 2 3 4 5 6 7 8 0 1 2 3 4 5 6 7 8 0 1 2 3 4 5 6 7 8 0 1 2 3 4 5 9 10 11 0 1 2 3 4 5 9 10 11 0 1 2 3 4 5 9 10 11 0 1 2 3 4 5 12 13 14 0 1 2 3 4 5 12 13 14 0 1 2 3 4 5 12 13 14 0 1 2 3 4 5 15 16 17 0 1 2 3 4 5 15 16 17 0 1 2 3 4 5 15 16 17

mapM2C                0 2 5 9 14 20 27 35 44 51 59 68 75 83 92 99 107 116 2 1 4 8 13 19 26 34 43 50 58 67 74 82 91 98 106 115 5 4 3 7 12 18 25 33 42 49 57 66 73 81 90 97 105 114 9 8 7 6 11 17 24 32 41 48 56 65 72 80 89 96 104 113 14 13 12 11 10 16 23 31 40 47 55 64 71 79 88 95 103 112 20 19 18 17 16 15 22 30 39 46 54 63 70 78 87 94 102 111 27 26 25 24 23 22 21 29 38 35 34 33 32 31 30 29 28 37 44 43 42 41 40 39 38 37 36 51 50 49 48 47 46 45 53 62 59 58 57 56 55 54 53 52 61 68 67 66 65 64 63 62 61 60 75 74 73 72 71 70 69 77 86 83 82 81 80 79 78 77 76 85 92 91 90 89 88 87 86 85 84 99 98 97 96 95 94 93 101 110 107 106 105 104 103 102 101 100 109 116 115 114 113 112 111 110 109 108

D_rownnz              18 18 18 18 18 18 9 9 9 9 9 9 9 9 9 9 9 9

D_rowadr              0 18 36 54 72 90 108 117 126 135 144 153 162 171 180 189 198 207

D_colind              0 1 2 3 4 5 6 7 8 9 10 11 12 13 14 15 16 17 0 1 2 3 4 5 6 7 8 9 10 11 12 13 14 15 16 17 0 1 2 3 4 5 6 7 8 9 10 11 12 13 14 15 16 17 0 1 2 3 4 5 6 7 8 9 10 11 12 13 14 15 16 17 0 1 2 3 4 5 6 7 8 9 10 11 12 13 14 15 16 17 0 1 2 3 4 5 6 7 8 9 10 11 12 13 14 15 16 17 0 1 2 3 4 5 6 7 8 0 1 2 3 4 5 6 7 8 0 1 2 3 4 5 6 7 8 0 1 2 3 4 5 9 10 11 0 1 2 3 4 5 9 10 11 0 1 2 3 4 5 9 10 11 0 1 2 3 4 5 12 13 14 0 1 2 3 4 5 12 13 14 0 1 2 3 4 5 12 13 14 0 1 2 3 4 5 15 16 17 0 1 2 3 4 5 15 16 17 0 1 2 3 4 5 15 16 17

mapM2D                0 2 5 9 14 20 27 35 44 51 59 68 75 83 92 99 107 116 2 1 4 8 13 19 26 34 43 50 58 67 74 82 91 98 106 115 5 4 3 7 12 18 25 33 42 49 57 66 73 81 90 97 105 114 9 8 7 6 11 17 24 32 41 48 56 65 72 80 89 96 104 113 14 13 12 11 10 16 23 31 40 47 55 64 71 79 88 95 103 112 20 19 18 17 16 15 22 30 39 46 54 63 70 78 87 94 102 111 27 26 25 24 23 22 21 29 38 35 34 33 32 31 30 29 28 37 44 43 42 41 40 39 38 37 36 51 50 49 48 47 46 45 53 62 59 58 57 56 55 54 53 52 61 68 67 66 65 64 63 62 61 60 75 74 73 72 71 70 69 77 86 83 82 81 80 79 78 77 76 85 92 91 90 89 88 87 86 85 84 99 98 97 96 95 94 93 101 110 107 106 105 104 103 102 101 100 109 116 115 114 113 112 111 110 109 108

mapD2M                0 19 18 38 37 36 57 56 55 54 76 75 74 73 72 95 94 93 92 91 90 114 113 112 111 110 109 108 124 123 122 121 120 119 118 117 134 133 132 131 130 129 128 127 126 141 140 139 138 137 136 135 151 150 149 148 147 146 145 144 161 160 159 158 157 156 155 154 153 168 167 166 165 164 163 162 178 177 176 175 174 173 172 171 188 187 186 185 184 183 182 181 180 195 194 193 192 191 190 189 205 204 203 202 201 200 199 198 215 214 213 212 211 210 209 208 207

QDERIV
   0         0         0         0         0         0         0         0         0         0         0         0         0         0         0         0         0         0       
   0         0         0         0         0         0         0         0         0         0         0         0         0         0         0         0         0         0       
   0         0         0         0         0         0         0         0         0         0         0         0         0         0         0         0         0         0       
   0         0         0         0         0         0         0         0         0         0         0         0         0         0         0         0         0         0       
   0         0         0         0         0         0         0         0         0         0         0         0         0         0         0         0         0         0       
   0         0         0         0         0         0         0         0         0         0         0         0         0         0         0         0         0         0       
   0         0         0         0         0         0         0         0         0         0         0         0         0         0         0         0         0         0       
   0         0         0         0         0         0         0         0         0         0         0         0         0         0         0         0         0         0       
   0         0         0         0         0         0         0         0         0         0         0         0         0         0         0         0         0         0       
   0         0         0         0         0         0         0         0         0         0         0         0         0         0         0         0         0         0       
   0         0         0         0         0         0         0         0         0         0         0         0         0         0         0         0         0         0       
   0         0         0         0         0         0         0         0         0         0         0         0         0         0         0         0         0         0       
   0         0         0         0         0         0         0         0         0         0         0         0         0         0         0         0         0         0       
   0         0         0         0         0         0         0         0         0         0         0         0         0         0         0         0         0         0       
   0         0         0         0         0         0         0         0         0         0         0         0         0         0         0         0         0         0       
   0         0         0         0         0         0         0         0         0         0         0         0         0         0         0         0         0         0       
   0         0         0         0         0         0         0         0         0         0         0         0         0         0         0         0         0         0       
   0         0         0         0         0         0         0         0         0         0         0         0         0         0         0         0         0         0       

QLU
   0         0         0         0         0         0         0         0         0         0         0         0         0         0         0         0         0         0       
   0         0         0         0         0         0         0         0         0         0         0         0         0         0         0         0         0         0       
   0         0         0         0         0         0         0         0         0         0         0         0         0         0         0         0         0         0       
   0         0         0         0         0         0         0         0         0         0         0         0         0         0         0         0         0         0       
   0         0         0         0         0         0         0         0         0         0         0         0         0         0         0         0         0         0       
   0         0         0         0         0         0         0         0         0         0         0         0         0         0         0         0         0         0       
   0         0         0         0         0         0         0         0         0         0         0         0         0         0         0         0         0         0       
   0         0         0         0         0         0         0         0         0         0         0         0         0         0         0         0         0         0       
   0         0         0         0         0         0         0         0         0         0         0         0         0         0         0         0         0         0       
   0         0         0         0         0         0         0         0         0         0         0         0         0         0         0         0         0         0       
   0         0         0         0         0         0         0         0         0         0         0         0         0         0         0         0         0         0       
   0         0         0         0         0         0         0         0         0         0         0         0         0         0         0         0         0         0       
   0         0         0         0         0         0         0         0         0         0         0         0         0         0         0         0         0         0       
   0         0         0         0         0         0         0         0         0         0         0         0         0         0         0         0         0         0       
   0         0         0         0         0         0         0         0         0         0         0         0         0         0         0         0         0         0       
   0         0         0         0         0         0         0         0         0         0         0         0         0         0         0         0         0         0       
   0         0         0         0         0         0         0         0         0         0         0         0         0         0         0         0         0         0       
   0         0         0         0         0         0         0         0         0         0         0         0         0         0         0         0         0         0       

CONTACT
  0:
     dim           3
     geoms         floor : 107
     exclude       0
     efc_address   0
     solref         0.02      1       
     solimp         0.9       0.95      0.001     0.5       2       
     dist          -0.0001  
     includemargin  0       
     pos           -0.4      -0.14     -5.1e-05 
     frame          0         0         1         0         1         0        -1         0         0       
     friction       1         1         0.005     0.0001    0.0001  
     mu             0.1     
  1:
     dim           3
     geoms         floor : 107
     exclude       0
     efc_address   3
     solref         0.02      1       
     solimp         0.9       0.95      0.001     0.5       2       
     dist          -0.0001  
     includemargin  0       
     pos            0.4      -0.14     -5.1e-05 
     frame          0         0         1         0         1         0        -1         0         0       
     friction       1         1         0.005     0.0001    0.0001  
     mu             0.1     
  2:
     dim           3
     geoms         floor : 107
     exclude       0
     efc_address   6
     solref         0.02      1       
     solimp         0.9       0.95      0.001     0.5       2       
     dist          -0.0001  
     includemargin  0       
     pos           -0.4       0.14     -5.1e-05 
     frame          0         0         1         0         1         0        -1         0         0       
     friction       1         1         0.005     0.0001    0.0001  
     mu             0.1     
  3:
     dim           3
     geoms         floor : 107
     exclude       0
     efc_address   9
     solref         0.02      1       
     solimp         0.9       0.95      0.001     0.5       2       
     dist          -0.0001  
     includemargin  0       
     pos            0.4       0.14     -5.1e-05 
     frame          0         0         1         0         1         0        -1         0         0       
     friction       1         1         0.005     0.0001    0.0001  
     mu             0.1     
  4:
     dim           3
     geoms         floor : 111
     exclude       0
     efc_address   12
     solref         0.02      1       
     solimp         0.9       0.95      0.001     0.5       2       
     dist          -1.1e-05 
     includemargin  0       
     pos            0.12      0.18     -5.6e-06 
     frame          0         0         1         0         1         0        -1         0         0       
     friction       1         1         0.005     0.0001    0.0001  
     mu             0.1     
  5:
     dim           3
     geoms         floor : 112
     exclude       0
     efc_address   15
     solref         0.02      1       
     solimp         0.9       0.95      0.001     0.5       2       
     dist          -0.0003  
     includemargin  0       
     pos            0.23      0.21     -0.00015 
     frame          0         0         1         0         1         0        -1         0         0       
     friction       1         1         0.005     0.0001    0.0001  
     mu             0.1     
  6:
     dim           3
     geoms         floor : 113
     exclude       0
     efc_address   18
     solref         0.02      1       
     solimp         0.9       0.95      0.001     0.5       2       
     dist          -7.3e-06 
     includemargin  0       
     pos           -0.12      0.17     -3.7e-06 
     frame          0         0         1         0         1         0        -1         0         0       
     friction       1         1         0.005     0.0001    0.0001  
     mu             0.1     
  7:
     dim           3
     geoms         floor : 115
     exclude       0
     efc_address   21
     solref         0.02      1       
     solimp         0.9       0.95      0.001     0.5       2       
     dist          -0.0003  
     includemargin  0       
     pos           -0.23      0.21     -0.00015 
     frame          0         0         1         0         1         0        -1         0         0       
     friction       1         1         0.005     0.0001    0.0001  
     mu             0.1     
  8:
     dim           3
     geoms         floor : 116
     exclude       0
     efc_address   24
     solref         0.02      1       
     solimp         0.9       0.95      0.001     0.5       2       
     dist          -6.9e-06 
     includemargin  0       
     pos           -0.12     -0.18     -3.4e-06 
     frame          0         0         1         0         1         0        -1         0         0       
     friction       1         1         0.005     0.0001    0.0001  
     mu             0.1     
  9:
     dim           3
     geoms         floor : 118
     exclude       0
     efc_address   27
     solref         0.02      1       
     solimp         0.9       0.95      0.001     0.5       2       
     dist          -0.0003  
     includemargin  0       
     pos           -0.23     -0.24     -0.00015 
     frame          0         0         1         0         1         0        -1         0         0       
     friction       1         1         0.005     0.0001    0.0001  
     mu             0.1     
  10:
     dim           3
     geoms         floor : 119
     exclude       0
     efc_address   30
     solref         0.02      1       
     solimp         0.9       0.95      0.001     0.5       2       
     dist          -6.7e-06 
     includemargin  0       
     pos            0.12     -0.18     -3.3e-06 
     frame          0         0         1         0         1         0        -1         0         0       
     friction       1         1         0.005     0.0001    0.0001  
     mu             0.1     
  11:
     dim           3
     geoms         floor : 121
     exclude       0
     efc_address   33
     solref         0.02      1       
     solimp         0.9       0.95      0.001     0.5       2       
     dist          -0.0003  
     includemargin  0       
     pos            0.23     -0.24     -0.00015 
     frame          0         0         1         0         1         0        -1         0         0       
     friction       1         1         0.005     0.0001    0.0001  
     mu             0.1     

EFC_TYPE
  7
  7
  7
  7
  7
  7
  7
  7
  7
  7
  7
  7
  7
  7
  7
  7
  7
  7
  7
  7
  7
  7
  7
  7
  7
  7
  7
  7
  7
  7
  7
  7
  7
  7
  7
  7

EFC_ID
  0
  0
  0
  1
  1
  1
  2
  2
  2
  3
  3
  3
  4
  4
  4
  5
  5
  5
  6
  6
  6
  7
  7
  7
  8
  8
  8
  9
  9
  9
  10
  10
  10
  11
  11
  11

EFC_J
   0         0         1        -0.14      0.4      -2.4e-07   0         0         0         0         0         0         0         0         0         0         0         0       
   0         1         0         0.12     -0.00019  -0.4       0         0         0         0         0         0         0         0         0         0         0         0       
  -1         0         0         0.00019   0.12     -0.14      0         0         0         0         0         0         0         0         0         0         0         0       
   0         0         1        -0.14     -0.4       1.4e-07   0         0         0         0         0         0         0         0         0         0         0         0       
   0         1         0         0.12     -0.00019   0.4       0         0         0         0         0         0         0         0         0         0         0         0       
  -1         0         0         0.00019   0.12     -0.14      0         0         0         0         0         0         0         0         0         0         0         0       
   0         0         1         0.14      0.4      -1.4e-07   0         0         0         0         0         0         0         0         0         0         0         0       
   0         1         0         0.12     -0.00019  -0.4       0         0         0         0         0         0         0         0         0         0         0         0       
  -1         0         0         0.00019   0.12      0.14      0         0         0         0         0         0         0         0         0         0         0         0       
   0         0         1         0.14     -0.4       2.4e-07   0         0         0         0         0         0         0         0         0         0         0         0       
   0         1         0         0.12     -0.00019   0.4       0         0         0         0         0         0         0         0         0         0         0         0       
  -1         0         0         0.00019   0.12      0.14      0         0         0         0         0         0         0         0         0         0         0         0       
   0         0         1         0.18     -0.12      1.3e-07   0.091     0.0012    0         0         0         0         0         0         0         0         0         0       
   0         1         0         0.12     -0.00019   0.12     -0.00019  -1.8e-05   0         0         0         0         0         0         0         0         0         0       
  -1         0         0         0.00019   0.12      0.18      0.12      0.012     0         0         0         0         0         0         0         0         0         0       
   0         0         1         0.21     -0.23      1.9e-07  -0.026    -0.12      8.2e-05   0         0         0         0         0         0         0         0         0       
   0         1         0         0.12     -0.00019   0.23     -0.00019  -1.8e-05  -0.00014   0         0         0         0         0         0         0         0         0       
  -1         0         0         0.00019   0.12      0.21      0.12      0.012     0.09      0         0         0         0         0         0         0         0         0       
   0         0         1         0.17      0.12      8.8e-09   0         0         0        -0.092     0         0         0         0         0         0         0         0       
   0         1         0         0.12     -0.00019  -0.12      0         0         0        -0.00019   0         0         0         0         0         0         0         0       
  -1         0         0         0.00019   0.12      0.17      0         0         0         0.12      0         0         0         0         0         0         0         0       
   0         0         1         0.21      0.23     -3.2e-08   0         0         0         0.024     0.11     -0.002     0         0         0         0         0         0       
   0         1         0         0.12     -0.00019  -0.23      0         0         0        -0.00019  -2e-05    -0.00014   0         0         0         0         0         0       
  -1         0         0         0.00019   0.12      0.21      0         0         0         0.12      0.013     0.09      0         0         0         0         0         0       
   0         0         1        -0.18      0.12     -1.3e-07   0         0         0         0         0         0        -0.092     0         0         0         0         0       
   0         1         0         0.12     -0.00019  -0.12      0         0         0         0         0         0        -0.00019   0         0         0         0         0       
  -1         0         0         0.00019   0.12     -0.18      0         0         0         0         0         0         0.12      0         0         0         0         0       
   0         0         1        -0.24      0.23     -2e-07     0         0         0         0         0         0         0.025     0.12     -0.0011    0         0         0       
   0         1         0         0.12     -0.00019  -0.23      0         0         0         0         0         0        -0.00019  -2e-05    -0.00014   0         0         0       
  -1         0         0         0.00019   0.12     -0.24      0         0         0         0         0         0         0.12      0.013     0.09      0         0         0       
   0         0         1        -0.18     -0.12     -1.5e-08   0         0         0         0         0         0         0         0         0         0.092     0         0       
   0         1         0         0.12     -0.00019   0.12      0         0         0         0         0         0         0         0         0        -0.00019   0         0       
  -1         0         0         0.00019   0.12     -0.18      0         0         0         0         0         0         0         0         0         0.12      0         0       
   0         0         1        -0.24     -0.23      2e-08     0         0         0         0         0         0         0         0         0        -0.026    -0.12      0.00049 
   0         1         0         0.12     -0.00019   0.23      0         0         0         0         0         0         0         0         0        -0.00019  -1.9e-05  -0.00014 
  -1         0         0         0.00019   0.12     -0.24      0         0         0         0         0         0         0         0         0         0.12      0.013     0.09    

EFC_POS
  -0.0001  
   0       
   0       
  -0.0001  
   0       
   0       
  -0.0001  
   0       
   0       
  -0.0001  
   0       
   0       
  -1.1e-05 
   0       
   0       
  -0.0003  
   0       
   0       
  -7.3e-06 
   0       
   0       
  -0.0003  
   0       
   0       
  -6.9e-06 
   0       
   0       
  -0.0003  
   0       
   0       
  -6.7e-06 
   0       
   0       
  -0.0003  
   0       
   0       

EFC_MARGIN
   0       
   0       
   0       
   0       
   0       
   0       
   0       
   0       
   0       
   0       
   0       
   0       
   0       
   0       
   0       
   0       
   0       
   0       
   0       
   0       
   0       
   0       
   0       
   0       
   0       
   0       
   0       
   0       
   0       
   0       
   0       
   0       
   0       
   0       
   0       
   0       

EFC_FRICTIONLOSS
   0       
   0       
   0       
   0       
   0       
   0       
   0       
   0       
   0       
   0       
   0       
   0       
   0       
   0       
   0       
   0       
   0       
   0       
   0       
   0       
   0       
   0       
   0       
   0       
   0       
   0       
   0       
   0       
   0       
   0       
   0       
   0       
   0       
   0       
   0       
   0       

EFC_DIAGAPPROX
   0.036   
   0.00036 
   0.00036 
   0.036   
   0.00036 
   0.00036 
   0.036   
   0.00036 
   0.00036 
   0.036   
   0.00036 
   0.00036 
   0.15    
   0.0015  
   0.0015  
   0.21    
   0.0021  
   0.0021  
   0.067   
   0.00067 
   0.00067 
   0.21    
   0.0021  
   0.0021  
   0.067   
   0.00067 
   0.00067 
   0.21    
   0.0021  
   0.0021  
   0.067   
   0.00067 
   0.00067 
   0.21    
   0.0021  
   0.0021  

EFC_KBIP
   2.8e+03   1.1e+02   0.9      -20      
   0         1.1e+02   0.9      -20      
   0         1.1e+02   0.9      -20      
   2.8e+03   1.1e+02   0.9      -20      
   0         1.1e+02   0.9      -20      
   0         1.1e+02   0.9      -20      
   2.8e+03   1.1e+02   0.9      -20      
   0         1.1e+02   0.9      -20      
   0         1.1e+02   0.9      -20      
   2.8e+03   1.1e+02   0.9      -20      
   0         1.1e+02   0.9      -20      
   0         1.1e+02   0.9      -20      
   2.8e+03   1.1e+02   0.9      -2.2     
   0         1.1e+02   0.9      -2.2     
   0         1.1e+02   0.9      -2.2     
   2.8e+03   1.1e+02   0.91     -59      
   0         1.1e+02   0.91     -59      
   0         1.1e+02   0.91     -59      
   2.8e+03   1.1e+02   0.9      -1.5     
   0         1.1e+02   0.9      -1.5     
   0         1.1e+02   0.9      -1.5     
   2.8e+03   1.1e+02   0.91     -60      
   0         1.1e+02   0.91     -60      
   0         1.1e+02   0.91     -60      
   2.8e+03   1.1e+02   0.9      -1.4     
   0         1.1e+02   0.9      -1.4     
   0         1.1e+02   0.9      -1.4     
   2.8e+03   1.1e+02   0.91     -60      
   0         1.1e+02   0.91     -60      
   0         1.1e+02   0.91     -60      
   2.8e+03   1.1e+02   0.9      -1.3     
   0         1.1e+02   0.9      -1.3     
   0         1.1e+02   0.9      -1.3     
   2.8e+03   1.1e+02   0.91     -59      
   0         1.1e+02   0.91     -59      
   0         1.1e+02   0.91     -59      

EFC_D
   2.5e+02 
   2.5e+04 
   2.5e+04 
   2.5e+02 
   2.5e+04 
   2.5e+04 
   2.5e+02 
   2.5e+04 
   2.5e+04 
   2.5e+02 
   2.5e+04 
   2.5e+04 
   60      
   6e+03   
   6e+03   
   47      
   4.7e+03 
   4.7e+03 
   1.4e+02 
   1.4e+04 
   1.4e+04 
   47      
   4.7e+03 
   4.7e+03 
   1.4e+02 
   1.4e+04 
   1.4e+04 
   47      
   4.7e+03 
   4.7e+03 
   1.4e+02 
   1.4e+04 
   1.4e+04 
   47      
   4.7e+03 
   4.7e+03 

EFC_R
   0.0039  
   3.9e-05 
   3.9e-05 
   0.0039  
   3.9e-05 
   3.9e-05 
   0.0039  
   3.9e-05 
   3.9e-05 
   0.0039  
   3.9e-05 
   3.9e-05 
   0.017   
   0.00017 
   0.00017 
   0.021   
   0.00021 
   0.00021 
   0.0074  
   7.4e-05 
   7.4e-05 
   0.021   
   0.00021 
   0.00021 
   0.0074  
   7.4e-05 
   7.4e-05 
   0.021   
   0.00021 
   0.00021 
   0.0074  
   7.4e-05 
   7.4e-05 
   0.021   
   0.00021 
   0.00021 

ACTUATOR_VELOCITY
  -8.7e-06 
   8.4e-05 
   3.7e-07 
  -7.7e-05 
  -1.6e-06 
   7.1e-05 
   1e-06   
  -6.9e-05 
  -3.3e-07 
  -8.9e-06 
  -1.9e-05 
   1.2e-05 

CVEL
   0         0         0         0         0         0       
   3.9e-05  -3.1e-07   7.9e-08  -1.5e-07  -4.2e-06   3.8e-07 
   3.9e-05  -9e-06     7.9e-08  -5.5e-08  -4.2e-06  -1.4e-06 
   3.8e-05   7.5e-05   7.9e-08   8.1e-06  -4.2e-06   8.6e-06 
   3.8e-05   7.5e-05   7.9e-08   8e-06    -4.2e-06   8.5e-06 
   3.9e-05   5.3e-08   7.9e-08  -1.5e-07  -4.2e-06   3.1e-07 
   3.9e-05  -7.7e-05   7.9e-08  -7.5e-06  -4.2e-06   9.4e-06 
   3.9e-05  -8.6e-05   7.9e-08  -7.7e-06  -4.2e-06   1.1e-05 
   3.9e-05  -1.9e-06   7.9e-08  -1.3e-07  -4.2e-06   7.1e-07 
   3.8e-05   6.9e-05   7.9e-08   6.7e-06  -4.2e-06  -7.7e-06 
   3.9e-05   5e-05     7.9e-08   6.3e-06  -4.2e-06  -3.2e-06 
   3.9e-05   6.9e-07   7.9e-08  -1.6e-07  -4.2e-06   5.9e-07 
   3.9e-05  -6.9e-05   7.9e-08  -6.8e-06  -4.2e-06  -7.6e-06 
   3.9e-05  -5.7e-05   7.9e-08  -6.6e-06  -4.2e-06  -4.9e-06 

CDOF_DOT
   0         0         0         0         0         0       
   0         0         0         0         0         0       
   0         0         0         0         0         0       
  -0         0         0        -6e-10     3.8e-07   4.6e-06 
   0        -0         0        -3.8e-07  -6e-10    -1.6e-07 
   0         0        -0        -4.6e-06   1.5e-07   1.9e-12 
  -7.9e-08  -1.4e-10   3.9e-05  -4.5e-07  -8e-06    -1.6e-07 
  -7.9e-08  -1.4e-10   3.9e-05   3.6e-07  -4.6e-06   8.1e-07 
  -7.9e-08  -1.4e-10   3.9e-05   9.1e-06  -9.1e-06   6.7e-06 
  -7.9e-08  -1.4e-10   3.9e-05  -3.2e-07   8e-06    -1.6e-07 
  -7.9e-08  -1.4e-10   3.9e-05  -3.1e-07   4.6e-06  -1.6e-07 
  -7.9e-08  -1.4e-10   3.9e-05   8.7e-06   9.1e-06  -6.1e-06 
  -7.9e-08  -1.4e-10   3.9e-05  -3.2e-07   8e-06    -1.6e-07 
  -7.9e-08  -1.4e-10   3.9e-05  -4.9e-07   4.6e-06   4.7e-08 
  -7.9e-08  -1.4e-10   3.9e-05  -8.6e-06   9e-06     5.4e-06 
  -7.9e-08  -1.4e-10   3.9e-05  -4.5e-07  -8e-06    -1.6e-07 
  -7.9e-08  -1.4e-10   3.9e-05  -5.1e-07  -4.5e-06  -2.3e-07 
  -7.9e-08  -1.4e-10   3.9e-05  -8.5e-06  -9.1e-06  -5.5e-06 

QFRC_BIAS
   1.8e-10 
   6.1e-10 
   4.1e+02 
   7.5e-05 
  -0.013   
   6.4e-09 
  -0.79    
  -4.1     
   0       
   0.77    
   4.1     
  -3.6e-15 
   0.77    
   4.1     
   0       
  -0.77    
  -4.1     
   0       

QFRC_SPRING
   0       
   0       
   0       
   0       
   0       
   0       
   0       
   0       
   0       
   0       
   0       
   0       
   0       
   0       
   0       
   0       
   0       
   0       

QFRC_DAMPER
   0       
   0       
   0       
   0       
   0       
   0       
   0       
   0       
   0       
   0       
   0       
   0       
   0       
   0       
   0       
   0       
   0       
   0       

QFRC_GRAVCOMP
   0       
   0       
   0       
   0       
   0       
   0       
   0       
   0       
   0       
   0       
   0       
   0       
   0       
   0       
   0       
   0       
   0       
   0       

QFRC_FLUID
   0       
   0       
   0       
   0       
   0       
   0       
   0       
   0       
   0       
   0       
   0       
   0       
   0       
   0       
   0       
   0       
   0       
   0       

QFRC_PASSIVE
   0       
   0       
   0       
   0       
   0       
   0       
   0       
   0       
   0       
   0       
   0       
   0       
   0       
   0       
   0       
   0       
   0       
   0       

EFC_VEL
  -5.2e-06 
  -3.1e-08 
   1.1e-07 
  -4.9e-06 
   3.2e-08 
   1.1e-07 
   5.6e-06 
  -3.1e-08 
   1.3e-07 
   5.9e-06 
   3.2e-08 
   1.3e-07 
   6.8e-06 
   7.9e-09 
   8e-08   
  -1.1e-06 
   2.3e-08 
   6.4e-08 
   6.7e-06 
  -1.1e-08 
   1.7e-07 
  -5.6e-07 
  -1.2e-08 
  -1.6e-06 
  -6.6e-06 
  -1e-08   
  -8.6e-08 
  -6.6e-07 
  -1.3e-08 
  -9e-07   
  -6.5e-06 
   7.5e-09 
   2.2e-07 
  -6.6e-07 
   2.2e-08 
   3.8e-07 

EFC_AREF
   0.26    
   3.3e-06 
  -1.1e-05 
   0.26    
  -3.4e-06 
  -1.1e-05 
   0.25    
   3.3e-06 
  -1.3e-05 
   0.25    
  -3.4e-06 
  -1.3e-05 
   0.027   
  -8.3e-07 
  -8.5e-06 
   0.75    
  -2.4e-06 
  -6.7e-06 
   0.018   
   1.1e-06 
  -1.8e-05 
   0.75    
   1.2e-06 
   0.00017 
   0.018   
   1.1e-06 
   9e-06   
   0.75    
   1.4e-06 
   9.4e-05 
   0.017   
  -7.9e-07 
  -2.3e-05 
   0.75    
  -2.3e-06 
  -4e-05   

SUBTREE_LINVEL
   0         0         0       
   0         0         0       
   0         0         0       
   0         0         0       
   0         0         0       
   0         0         0       
   0         0         0       
   0         0         0       
   0         0         0       
   0         0         0       
   0         0         0       
   0         0         0       
   0         0         0       
   0         0         0       

SUBTREE_ANGMOM
   0         0         0       
   0         0         0       
   0         0         0       
   0         0         0       
   0         0         0       
   0         0         0       
   0         0         0       
   0         0         0       
   0         0         0       
   0         0         0       
   0         0         0       
   0         0         0       
   0         0         0       
   0         0         0       

ACTUATOR_FORCE
   0       
   0       
   0       
   0       
   0       
   0       
   0       
   0       
   0       
   0       
   0       
   0       

QFRC_ACTUATOR
   0       
   0       
   0       
   0       
   0       
   0       
   0       
   0       
   0       
   0       
   0       
   0       
   0       
   0       
   0       
   0       
   0       
   0       

QFRC_SMOOTH
  -1.8e-10 
  -6.1e-10 
  -4.1e+02 
  -7.5e-05 
   0.013   
  -6.4e-09 
   0.79    
   4.1     
   0       
  -0.77    
  -4.1     
   3.6e-15 
  -0.77    
  -4.1     
   0       
   0.77    
   4.1     
   0       

QACC_SMOOTH
  -1.3e-12 
  -1.6e-11 
  -9.8     
   1e-10   
   1.1e-11 
  -7.4e-12 
  -1.4e-08 
   1.3e-09 
   1.2e-08 
   1.5e-08 
  -1.3e-09 
  -1.3e-08 
   1.2e-08 
  -9.9e-10 
  -1.1e-08 
  -1.2e-08 
   9.6e-10 
   1.1e-08 

EFC_B
  -10      
  -3.3e-06 
   1.1e-05 
  -10      
   3.4e-06 
   1.1e-05 
  -10      
  -3.3e-06 
   1.3e-05 
  -10      
   3.4e-06 
   1.3e-05 
  -9.8     
   8.3e-07 
   8.5e-06 
  -11      
   2.4e-06 
   6.7e-06 
  -9.8     
  -1.1e-06 
   1.8e-05 
  -11      
  -1.2e-06 
  -0.00017 
  -9.8     
  -1.1e-06 
  -9e-06   
  -11      
  -1.4e-06 
  -9.4e-05 
  -9.8     
   7.9e-07 
   2.3e-05 
  -11      
   2.3e-06 
   4e-05   

EFC_FORCE
   62      
   0.18    
  -0.44    
   63      
  -0.084   
  -0.44    
   67      
   0.18    
  -0.53    
   67      
  -0.084   
  -0.53    
   2.4     
  -0.015   
  -0.62    
   35      
   0.025   
  -0.053   
   4       
   0.0017  
   1.6     
   36      
   0.054   
   0.81    
   0.75    
   0.0029  
  -0.75    
   35      
   0.054   
   0.43    
   0.69    
  -0.03    
   0.69    
   35      
   0.026   
  -0.17    

EFC_STATE
  1
  1
  1
  1
  1
  1
  1
  1
  1
  1
  1
  1
  1
  1
  1
  1
  1
  1
  1
  1
  1
  1
  1
  1
  4
  4
  4
  1
  1
  1
  4
  4
  4
  1
  1
  1

QFRC_CONSTRAINT
  -0.004   
   0.32    
   4.1e+02 
  -0.012   
  -0.013   
   0.001   
  -0.79    
  -4.1     
  -0.0019  
   0.77    
   4.1     
   0.0016  
   0.77    
   4.1     
  -0.0015  
  -0.77    
  -4.1     
   0.0015  

QFRC_INVERSE
   0       
   0       
   0       
   0       
   0       
   0       
   0       
   0       
   0       
   0       
   0       
   0       
   0       
   0       
   0       
   0       
   0       
   0       

CACC
   0         0         0        -0        -0         9.8     
  -0.071     0.00061   4.9e-06   5.9e-05   0.0077    9.8     
  -0.071     0.016     4.9e-06  -0.00011   0.0077    9.8     
  -0.071    -0.13      4.9e-06  -0.014     0.0077    9.8     
  -0.071    -0.13      4.9e-06  -0.014     0.0077    9.8     
  -0.071    -0.00061   4.9e-06   7.3e-05   0.0077    9.8     
  -0.071     0.13      5e-06     0.013     0.0077    9.8     
  -0.071     0.12      5e-06     0.013     0.0077    9.8     
  -0.071     0.0017    4.9e-06   4.7e-05   0.0077    9.8     
  -0.071    -0.12      4.9e-06  -0.012     0.0077    9.8     
  -0.071    -0.11      4.9e-06  -0.012     0.0077    9.8     
  -0.071    -0.0002    4.9e-06   6.8e-05   0.0077    9.8     
  -0.071     0.12      5e-06     0.012     0.0077    9.8     
  -0.071     0.11      5e-06     0.012     0.0077    9.8     

CFRC_INT
  -9.3e-08   8.3e-09   8.1e-08  -7.6e-08  -8.6e-07  -9.4e-10 
  -9.3e-08   8.3e-09   8.1e-08  -7.6e-08  -8.6e-07  -9.4e-10 
   0.61     -0.11      0.13     -0.71      0.014     0.51    
   0.18      0.3       0.13     -0.71      0.012    -2       
   0.42      0.14      0.019    -0.094    -0.003    -0.6     
   0.26     -0.33     -0.44      2.5      -0.031    -1.7     
   0.5      -0.096    -0.17      0.85     -0.031    -0.13    
   0.31     -0.28     -0.17      0.84     -0.031    -1.1     
   0.26      0.39     -0.035    -0.36     -0.033     1.9     
   0.56     -0.017     0.1       0.39     -0.031     0.17    
   0.74     -0.2       0.1       0.39     -0.032    -0.84    
   0.22     -0.44      0.096     0.55      0.029     2.1     
   0.52     -0.025    -0.034    -0.14     -0.0027    0.34    
   0.71      0.16     -0.034    -0.14     -0.0031   -0.67    

CFRC_EXT
   0         0         0         0         0         0       
   1.3      -0.47     -0.24      1.9       0.2       2.6e+02 
   0         0         0         0         0         0       
   0.43     -0.34     -0.11      0.62     -0.015     2.4     
   7.2      -8.2      -0.0049    0.053     0.025     35      
   0.67      0.65      0.27     -1.6       0.0017    4       
   0         0         0         0         0         0       
   7.3       8.4       0.15     -0.81      0.054     36      
  -0.14      0.0061    0.14      0.75      0.0029    0.75    
   0         0         0         0         0         0       
  -8.4       8.3      -0.11     -0.43      0.054     35      
  -0.13     -0.0061   -0.13     -0.69     -0.03      0.69    
   0         0         0         0         0         0       
  -8.3      -8.2       0.047     0.17      0.026     35      

